0.0,0.0,1.0,0.0,1.0,0.0,-1.0,0.0,0.0,0.0,0.0,0.5,0
0.0,0.0,1.0,0.0,1.0,0.0,-1.0,0.0,0.0,2.30115552142e-08,0.0,0.499999999984,0
0.0,0.0,1.0,0.0,1.0,0.0,-1.0,0.0,0.0,1.83740089341e-07,0.0,0.499999999876,0
0.0,0.0,1.0,0.0,1.0,0.0,-1.0,0.0,0.0,6.18934827587e-07,0.0,0.499999999583,0
-1.03511597226e-06,0.0,0.999999999999,0.0,1.0,0.0,-0.999999999999,0.0,-1.03511597226e-06,1.46429171852e-06,0.0,0.499999999013,0
-2.01783094275e-06,0.0,0.999999999998,0.0,1.0,0.0,-0.999999999998,0.0,-2.01783094275e-06,2.85445613539e-06,0.0,0.499999998074,0
-3.48011420469e-06,0.0,0.999999999994,0.0,1.0,0.0,-0.999999999994,0.0,-3.48011420469e-06,4.92302557566e-06,0.0,0.499999996674,0
-5.51566773487e-06,0.0,0.999999999985,0.0,1.0,0.0,-0.999999999985,0.0,-5.51566773487e-06,7.80255236176e-06,0.0,0.499999994721,0
-8.21745657992e-06,0.0,0.999999999966,0.0,1.0,0.0,-0.999999999966,0.0,-8.21745657992e-06,1.16245463412e-05,0.0,0.49999999212,0
-1.16777107654e-05,0.0,0.999999999932,0.0,1.0,0.0,-0.999999999932,0.0,-1.16777107654e-05,1.65194775869e-05,0.0,0.499999988773,0
-1.59879272048e-05,0.0,0.999999999872,0.0,1.0,0.0,-0.999999999872,0.0,-1.59879272048e-05,2.26167790969e-05,0.0,0.49999998458,0
-2.1238871609e-05,0.0,0.999999999774,0.0,1.0,0.0,-0.999999999774,0.0,-2.1238871609e-05,3.00448494945e-05,0.0,0.499999979436,0
-2.75205803947e-05,0.0,0.999999999621,0.0,1.0,0.0,-0.999999999621,0.0,-2.75205803947e-05,3.89310557281e-05,0.0,0.499999973232,0
-3.49223625943e-05,0.0,0.99999999939,0.0,1.0,0.0,-0.99999999939,0.0,-3.49223625943e-05,4.9401735771e-05,0.0,0.49999996585,0
-4.35328017639e-05,0.0,0.999999999052,0.0,1.0,0.0,-0.999999999052,0.0,-4.35328017639e-05,6.15822013207e-05,0.0,0.499999957165,0
-5.34397578931e-05,0.0,0.999999998572,0.0,1.0,0.0,-0.999999998572,0.0,-5.34397578931e-05,7.55967404985e-05,0.0,0.499999947042,0
-6.47303693133e-05,0.0,0.999999997905,0.0,1.0,0.0,-0.999999997905,0.0,-6.47303693133e-05,9.15686205488e-05,0.0,0.499999935337,0
-7.74910546066e-05,0.0,0.999999996998,0.0,1.0,0.0,-0.999999996998,0.0,-7.74910546066e-05,0.000109620090538,0.0,0.49999992189,0
-9.18075145142e-05,0.0,0.999999995786,0.0,1.0,0.0,-0.999999995786,0.0,-9.18075145142e-05,0.000129872384054,0.0,0.499999906529,0
-0.000107764733845,0.0,0.999999994193,0.0,1.0,0.0,-0.999999994193,0.0,-0.000107764733845,0.000152445721902,0.0,0.499999889067,0
-0.000125446983385,0.0,0.999999992132,0.0,1.0,0.0,-0.999999992132,0.0,-0.000125446983385,0.000177459314808,0.0,0.499999869295,0
-0.000144937821804,0.0,0.999999989497,0.0,1.0,0.0,-0.999999989497,0.0,-0.000144937821804,0.000205031366113,0.0,0.49999984699,0
-0.000166320097562,0.0,0.999999986169,0.0,1.0,0.0,-0.999999986169,0.0,-0.000166320097562,0.000235279074468,0.0,0.499999821901,0
-0.00018967595082,0.0,0.999999982012,0.0,1.0,0.0,-0.999999982012,0.0,-0.00018967595082,0.000268318636538,0.0,0.499999793758,0
-0.000215086815348,0.0,0.999999976869,0.0,1.0,0.0,-0.999999976869,0.0,-0.000215086815348,0.000304265249695,0.0,0.499999762262,0
-0.000242633420427,0.0,0.999999970565,0.0,1.0,0.0,-0.999999970565,0.0,-0.000242633420427,0.000343233114712,0.0,0.499999727086,0
-0.00027239579276,0.0,0.9999999629,0.0,1.0,0.0,-0.9999999629,0.0,-0.00027239579276,0.000385335438463,0.0,0.499999687876,0
-0.000304453258377,0.0,0.999999953654,0.0,1.0,0.0,-0.999999953654,0.0,-0.000304453258377,0.000430684436615,0.0,0.499999644239,0
-0.00033888444454,0.0,0.999999942579,0.0,1.0,0.0,-0.999999942579,0.0,-0.00033888444454,0.000479391336323,0.0,0.499999595753,0
-0.000375767281649,0.0,0.999999929399,0.0,1.0,0.0,-0.999999929399,0.0,-0.000375767281649,0.000531566378924,0.0,0.499999541953,0
-0.000415179005147,0.0,0.999999913813,0.0,1.0,0.0,-0.999999913813,0.0,-0.000415179005147,0.000587318822629,0.0,0.499999482338,0
-0.000457196157421,0.0,0.999999895486,0.0,1.0,0.0,-0.999999895486,0.0,-0.000457196157421,0.000646756945216,0.0,0.499999416362,0
-0.000501894589712,0.0,0.999999874051,0.0,1.0,0.0,-0.999999874051,0.0,-0.000501894589712,0.000709988046718,0.0,0.499999343434,0
-0.00054934946401,0.0,0.999999849108,0.0,1.0,0.0,-0.999999849108,0.0,-0.00054934946401,0.000777118452115,0.0,0.499999262916,0
-0.00059963525496,0.0,0.999999820219,0.0,1.0,0.0,-0.999999820219,0.0,-0.00059963525496,0.000848253514023,0.0,0.499999174118,0
-0.000652825751761,0.0,0.999999786909,0.0,1.0,0.0,-0.999999786909,0.0,-0.000652825751761,0.00092349761538,0.0,0.499999076297,0
-0.00070899406007,0.0,0.999999748664,0.0,1.0,0.0,-0.999999748664,0.0,-0.00070899406007,0.00100295417213,0.0,0.499998968656,0
-0.000768212603894,0.0,0.999999704925,0.0,1.0,0.0,-0.999999704925,0.0,-0.000768212603894,0.00108672563591,0.0,0.499998850336,0
-0.000830553127494,0.0,0.999999655091,0.0,1.0,0.0,-0.999999655091,0.0,-0.000830553127494,0.00117491349673,0.0,0.499998720418,0
-0.000896086697279,0.0,0.999999598514,0.0,1.0,0.0,-0.999999598514,0.0,-0.000896086697279,0.00126761828567,0.0,0.499998577919,0
-0.000964883703701,0.0,0.9999995345,0.0,1.0,0.0,-0.9999995345,0.0,-0.000964883703701,0.00136493957752,0.0,0.499998421787,0
-0.00103701386315,0.0,0.999999462301,0.0,1.0,0.0,-0.999999462301,0.0,-0.00103701386315,0.00146697599351,0.0,0.4999982509,0
-0.00111254621985,0.0,0.99999938112,0.0,1.0,0.0,-0.99999938112,0.0,-0.00111254621985,0.00157382520394,0.0,0.499998064065,0
-0.00119154914774,0.0,0.999999290105,0.0,1.0,0.0,-0.999999290105,0.0,-0.00119154914774,0.00168558393087,0.0,0.499997860009,0
-0.00127409035238,0.0,0.999999188347,0.0,1.0,0.0,-0.999999188347,0.0,-0.00127409035238,0.00180234795081,0.0,0.499997637383,0
-0.00136023687282,0.0,0.999999074877,0.0,1.0,0.0,-0.999999074877,0.0,-0.00136023687282,0.00192421209737,0.0,0.499997394754,0
-0.00145005508349,0.0,0.99999894867,0.0,1.0,0.0,-0.99999894867,0.0,-0.00145005508349,0.0020512702639,0.0,0.499997130606,0
-0.00154361069611,0.0,0.999998808632,0.0,1.0,0.0,-0.999998808632,0.0,-0.00154361069611,0.00218361540621,0.0,0.499996843331,0
-0.00164096876153,0.0,0.99999865361,0.0,1.0,0.0,-0.99999865361,0.0,-0.00164096876153,0.0023213395452,0.0,0.499996531234,0
-0.00174219367166,0.0,0.999998482379,0.0,1.0,0.0,-0.999998482379,0.0,-0.00174219367166,0.0024645337695,0.0,0.499996192523,0
-0.00184734916128,0.0,0.999998293649,0.0,1.0,0.0,-0.999998293649,0.0,-0.00184734916128,0.00261328823816,0.0,0.49999582531,0
-0.00195649831,0.0,0.999998086055,0.0,1.0,0.0,-0.999998086055,0.0,-0.00195649831,0.00276769218329,0.0,0.499995427606,0
-0.00206970354406,0.0,0.999997858161,0.0,1.0,0.0,-0.999997858161,0.0,-0.00206970354406,0.00292783391269,0.0,0.499994997318,0
-0.00218702663823,0.0,0.999997608454,0.0,1.0,0.0,-0.999997608454,0.0,-0.00218702663823,0.00309380081252,0.0,0.499994532248,0
-0.00230852871771,0.0,0.999997335344,0.0,1.0,0.0,-0.999997335344,0.0,-0.00230852871771,0.00326567934992,0.0,0.499994030089,0
-0.00243427025993,0.0,0.99999703716,0.0,1.0,0.0,-0.99999703716,0.0,-0.00243427025993,0.00344355507567,0.0,0.499993488418,0
-0.00256431109646,0.0,0.999996712149,0.0,1.0,0.0,-0.999996712149,0.0,-0.00256431109646,0.00362751262681,0.0,0.4999929047,0
-0.00269871041487,0.0,0.999996358474,0.0,1.0,0.0,-0.999996358474,0.0,-0.00269871041487,0.00381763572926,0.0,0.499992276279,0
-0.00283752676057,0.0,0.999995974213,0.0,1.0,0.0,-0.999995974213,0.0,-0.00283752676057,0.00401400720045,0.0,0.499991600379,0
-0.00298081803865,0.0,0.999995557352,0.0,1.0,0.0,-0.999995557352,0.0,-0.00298081803865,0.00421670895198,0.0,0.499990874099,0
-0.00312864151578,0.0,0.999995105789,0.0,1.0,0.0,-0.999995105789,0.0,-0.00312864151578,0.00442582199216,0.0,0.499990094408,0
-0.00328105382201,0.0,0.999994617328,0.0,1.0,0.0,-0.999994617328,0.0,-0.00328105382201,0.0046414264287,0.0,0.499989258147,0
-0.00343811095264,0.0,0.999994089679,0.0,1.0,0.0,-0.999994089679,0.0,-0.00343811095264,0.00486360147125,0.0,0.499988362022,0
-0.00359986827005,0.0,0.999993520453,0.0,1.0,0.0,-0.999993520453,0.0,-0.00359986827005,0.00509242543407,0.0,0.499987402602,0
-0.00376638050553,0.0,0.999992907164,0.0,1.0,0.0,-0.999992907164,0.0,-0.00376638050553,0.00532797573854,0.0,0.499986376317,0
-0.00393770176115,0.0,0.999992247222,0.0,1.0,0.0,-0.999992247222,0.0,-0.00393770176115,0.00557032891585,0.0,0.499985279453,0
-0.00411388551154,0.0,0.999991537937,0.0,1.0,0.0,-0.999991537937,0.0,-0.00411388551154,0.00581956060951,0.0,0.499984108151,0
-0.00429498460574,0.0,0.999990776511,0.0,1.0,0.0,-0.999990776511,0.0,-0.00429498460574,0.00607574557796,0.0,0.499982858405,0
-0.00448105126902,0.0,0.999989960039,0.0,1.0,0.0,-0.999989960039,0.0,-0.00448105126902,0.00633895769714,0.0,0.499981526056,0
-0.00467213710471,0.0,0.999989085508,0.0,1.0,0.0,-0.999989085508,0.0,-0.00467213710471,0.00660926996307,0.0,0.49998010679,0
-0.00486829309598,0.0,0.999988149791,0.0,1.0,0.0,-0.999988149791,0.0,-0.00486829309598,0.00688675449439,0.0,0.499978596138,0
-0.00506956960768,0.0,0.999987149649,0.0,1.0,0.0,-0.999987149649,0.0,-0.00506956960768,0.00717148253495,0.0,0.499976989469,0
-0.00527601638813,0.0,0.999986081729,0.0,1.0,0.0,-0.999986081729,0.0,-0.00527601638813,0.0074635244563,0.0,0.49997528199,0
-0.00548768257092,0.0,0.999984942557,0.0,1.0,0.0,-0.999984942557,0.0,-0.00548768257092,0.00776294976032,0.0,0.499973468742,0
-0.0057046166767,0.0,0.999983728542,0.0,1.0,0.0,-0.999983728542,0.0,-0.0057046166767,0.00806982708167,0.0,0.4999715446,0
-0.00592686661498,0.0,0.999982435972,0.0,1.0,0.0,-0.999982435972,0.0,-0.00592686661498,0.00838422419039,0.0,0.499969504265,0
-0.00615447968592,0.0,0.999981061011,0.0,1.0,0.0,-0.999981061011,0.0,-0.00615447968592,0.00870620799437,0.0,0.499967342266,0
-0.00638750258209,0.0,0.999979599697,0.0,1.0,0.0,-0.999979599697,0.0,-0.00638750258209,0.0090358445419,0.0,0.499965052956,0
-0.00662598139025,0.0,0.999978047944,0.0,1.0,0.0,-0.999978047944,0.0,-0.00662598139025,0.00937319902417,0.0,0.499962630508,0
-0.00686996159313,0.0,0.999976401535,0.0,1.0,0.0,-0.999976401535,0.0,-0.00686996159313,0.00971833577776,0.0,0.499960068914,0
-0.00711948807119,0.0,0.999974656124,0.0,1.0,0.0,-0.999974656124,0.0,-0.00711948807119,0.0100713182871,0.0,0.499957361982,0
-0.00737460510439,0.0,0.99997280723,0.0,1.0,0.0,-0.99997280723,0.0,-0.00737460510439,0.0104322091872,0.0,0.499954503335,0
-0.0076353563739,0.0,0.999970850242,0.0,1.0,0.0,-0.999970850242,0.0,-0.0076353563739,0.0108010702656,0.0,0.499951486404,0
-0.00790178496391,0.0,0.99996878041,0.0,1.0,0.0,-0.99996878041,0.0,-0.00790178496391,0.0111779624654,0.0,0.499948304432,0
-0.00817393336332,0.0,0.999966592849,0.0,1.0,0.0,-0.999966592849,0.0,-0.00817393336332,0.0115629458875,0.0,0.499944950466,0
-0.00845184346751,0.0,0.999964282533,0.0,1.0,0.0,-0.999964282533,0.0,-0.00845184346751,0.0119560797929,0.0,0.499941417358,0
-0.00873555658005,0.0,0.999961844298,0.0,1.0,0.0,-0.999961844298,0.0,-0.00873555658005,0.0123574226054,0.0,0.499937697761,0
-0.00902511341443,0.0,0.999959272835,0.0,1.0,0.0,-0.999959272835,0.0,-0.00902511341443,0.0127670319139,0.0,0.499933784128,0
-0.0093205540958,0.0,0.999956562692,0.0,1.0,0.0,-0.999956562692,0.0,-0.0093205540958,0.0131849644749,0.0,0.499929668708,0
-0.00962191816263,0.0,0.999953708274,0.0,1.0,0.0,-0.999953708274,0.0,-0.00962191816263,0.0136112762148,0.0,0.499925343547,0
-0.00992924456849,0.0,0.999950703836,0.0,1.0,0.0,-0.999950703836,0.0,-0.00992924456849,0.0140460222325,0.0,0.499920800483,0
-0.0102425716837,0.0,0.999947543487,0.0,1.0,0.0,-0.999947543487,0.0,-0.0102425716837,0.0144892568016,0.0,0.499916031145,0
-0.0105619372969,0.0,0.999944221185,0.0,1.0,0.0,-0.999944221185,0.0,-0.0105619372969,0.014941033373,0.0,0.49991102695,0
-0.0108873786172,0.0,0.999940730737,0.0,1.0,0.0,-0.999940730737,0.0,-0.0108873786172,0.015401404577,0.0,0.499905779102,0
-0.0112189322752,0.0,0.999937065799,0.0,1.0,0.0,-0.999937065799,0.0,-0.0112189322752,0.015870422226,0.0,0.49990027859,0
-0.0115566343251,0.0,0.999933219872,0.0,1.0,0.0,-0.999933219872,0.0,-0.0115566343251,0.0163481373168,0.0,0.499894516189,0
-0.0119005202464,0.0,0.999929186302,0.0,1.0,0.0,-0.999929186302,0.0,-0.0119005202464,0.0168346000326,0.0,0.49988848245,0
-0.0122506249453,0.0,0.999924958279,0.0,1.0,0.0,-0.999924958279,0.0,-0.0122506249453,0.017329859746,0.0,0.499882167707,0
-0.0126069827563,0.0,0.999920528835,0.0,1.0,0.0,-0.999920528835,0.0,-0.0126069827563,0.0178339650206,0.0,0.499875562071,0
-0.0129696274445,0.0,0.999915890845,0.0,1.0,0.0,-0.999915890845,0.0,-0.0129696274445,0.0183469636139,0.0,0.49986865543,0
-0.0133385922064,0.0,0.999911037022,0.0,1.0,0.0,-0.999911037022,0.0,-0.0133385922064,0.0188689024796,0.0,0.499861437443,0
-0.0137139096719,0.0,0.999905959919,0.0,1.0,0.0,-0.999905959919,0.0,-0.0137139096719,0.0193998277693,0.0,0.499853897546,0
-0.0140956119062,0.0,0.999900651927,0.0,1.0,0.0,-0.999900651927,0.0,-0.0140956119062,0.0199397848356,0.0,0.499846024945,0
-0.014483730411,0.0,0.999895105275,0.0,1.0,0.0,-0.999895105275,0.0,-0.014483730411,0.0204888182339,0.0,0.499837808614,0
-0.0148782961261,0.0,0.999889312026,0.0,1.0,0.0,-0.999889312026,0.0,-0.0148782961261,0.0210469717248,0.0,0.499829237298,0
-0.0152793394316,0.0,0.99988326408,0.0,1.0,0.0,-0.99988326408,0.0,-0.0152793394316,0.0216142882765,0.0,0.499820299508,0
-0.0156868901487,0.0,0.999876953168,0.0,1.0,0.0,-0.999876953168,0.0,-0.0156868901487,0.0221908100667,0.0,0.499810983522,0
-0.0161009775418,0.0,0.999870370859,0.0,1.0,0.0,-0.999870370859,0.0,-0.0161009775418,0.0227765784853,0.0,0.499801277381,0
-0.01652163032,0.0,0.999863508551,0.0,1.0,0.0,-0.999863508551,0.0,-0.01652163032,0.0233716341366,0.0,0.499791168891,0
-0.0169488766386,0.0,0.999856357474,0.0,1.0,0.0,-0.999856357474,0.0,-0.0169488766386,0.023976016841,0.0,0.499780645619,0
-0.0173827441007,0.0,0.999848908689,0.0,1.0,0.0,-0.999848908689,0.0,-0.0173827441007,0.0245897656379,0.0,0.499769694894,0
-0.0178232597589,0.0,0.99984115309,0.0,1.0,0.0,-0.99984115309,0.0,-0.0178232597589,0.0252129187875,0.0,0.499758303807,0
-0.0182704501166,0.0,0.999833081395,0.0,1.0,0.0,-0.999833081395,0.0,-0.0182704501166,0.0258455137732,0.0,0.499746459205,0
-0.0187243411298,0.0,0.999824684157,0.0,1.0,0.0,-0.999824684157,0.0,-0.0187243411298,0.0264875873036,0.0,0.499734147695,0
-0.0191849582084,0.0,0.999815951752,0.0,1.0,0.0,-0.999815951752,0.0,-0.0191849582084,0.0271391753151,0.0,0.499721355644,0
-0.0196523262181,0.0,0.999806874388,0.0,1.0,0.0,-0.999806874388,0.0,-0.0196523262181,0.0278003129735,0.0,0.499708069172,0
-0.0201264694814,0.0,0.999797442098,0.0,1.0,0.0,-0.999797442098,0.0,-0.0201264694814,0.0284710346766,0.0,0.499694274158,0
-0.0206074117798,0.0,0.999787644742,0.0,1.0,0.0,-0.999787644742,0.0,-0.0206074117798,0.0291513740561,0.0,0.499679956236,0
-0.0210951763548,0.0,0.999777472008,0.0,1.0,0.0,-0.999777472008,0.0,-0.0210951763548,0.02984136398,0.0,0.499665100794,0
-0.0215897859093,0.0,0.999766913408,0.0,1.0,0.0,-0.999766913408,0.0,-0.0215897859093,0.0305410365545,0.0,0.499649692975,0
-0.0220912626099,0.0,0.99975595828,0.0,1.0,0.0,-0.99975595828,0.0,-0.0220912626099,0.0312504231263,0.0,0.499633717677,0
-0.0225996280875,0.0,0.999744595789,0.0,1.0,0.0,-0.999744595789,0.0,-0.0225996280875,0.0319695542847,0.0,0.499617159551,0
-0.0231149034392,0.0,0.999732814926,0.0,1.0,0.0,-0.999732814926,0.0,-0.0231149034392,0.0326984598636,0.0,0.499600003,0
-0.0236371092299,0.0,0.999720604503,0.0,1.0,0.0,-0.999720604503,0.0,-0.0236371092299,0.0334371689435,0.0,0.499582232183,0
-0.0241662654935,0.0,0.99970795316,0.0,1.0,0.0,-0.99970795316,0.0,-0.0241662654935,0.0341857098541,0.0,0.499563831009,0
-0.0247023917346,0.0,0.999694849363,0.0,1.0,0.0,-0.999694849363,0.0,-0.0247023917346,0.0349441101757,0.0,0.49954478314,0
-0.0252455069299,0.0,0.999681281399,0.0,1.0,0.0,-0.999681281399,0.0,-0.0252455069299,0.035712396742,0.0,0.499525071993,0
-0.0257956295294,0.0,0.999667237383,0.0,1.0,0.0,-0.999667237383,0.0,-0.0257956295294,0.0364905956413,0.0,0.499504680735,0
-0.0263527774583,0.0,0.999652705253,0.0,1.0,0.0,-0.999652705253,0.0,-0.0263527774583,0.0372787322196,0.0,0.499483592288,0
-0.0269169681183,0.0,0.999637672773,0.0,1.0,0.0,-0.999637672773,0.0,-0.0269169681183,0.0380768310815,0.0,0.499461789323,0
-0.0274882183887,0.0,0.999622127531,0.0,1.0,0.0,-0.999622127531,0.0,-0.0274882183887,0.0388849160934,0.0,0.499439254269,0
-0.0280665446284,0.0,0.999606056941,0.0,1.0,0.0,-0.999606056941,0.0,-0.0280665446284,0.0397030103846,0.0,0.499415969303,0
-0.0286519626769,0.0,0.999589448241,0.0,1.0,0.0,-0.999589448241,0.0,-0.0286519626769,0.0405311363497,0.0,0.499391916359,0
-0.0292444878558,0.0,0.999572288496,0.0,1.0,0.0,-0.999572288496,0.0,-0.0292444878558,0.0413693156507,0.0,0.499367077125,0
-0.0298441349705,0.0,0.999554564598,0.0,1.0,0.0,-0.999554564598,0.0,-0.0298441349705,0.042217569219,0.0,0.49934143304,0
-0.0304509183113,0.0,0.999536263261,0.0,1.0,0.0,-0.999536263261,0.0,-0.0304509183113,0.0430759172571,0.0,0.4993149653,0
-0.0310648516548,0.0,0.99951737103,0.0,1.0,0.0,-0.99951737103,0.0,-0.0310648516548,0.043944379241,0.0,0.499287654857,0
-0.0316859482655,0.0,0.999497874276,0.0,1.0,0.0,-0.999497874276,0.0,-0.0316859482655,0.0448229739219,0.0,0.499259482416,0
-0.0323142208973,0.0,0.999477759196,0.0,1.0,0.0,-0.999477759196,0.0,-0.0323142208973,0.0457117193283,0.0,0.499230428443,0
-0.0329496817944,0.0,0.999457011817,0.0,1.0,0.0,-0.999457011817,0.0,-0.0329496817944,0.0466106327678,0.0,0.499200473156,0
-0.0335923426932,0.0,0.999435617993,0.0,1.0,0.0,-0.999435617993,0.0,-0.0335923426932,0.0475197308295,0.0,0.499169596536,0
-0.0342422148234,0.0,0.999413563408,0.0,1.0,0.0,-0.999413563408,0.0,-0.0342422148234,0.0484390293853,0.0,0.49913777832,0
-0.0348993089095,0.0,0.999390833577,0.0,1.0,0.0,-0.999390833577,0.0,-0.0348993089095,0.0493685435925,0.0,0.499104998005,0
-0.035563635172,0.0,0.999367413844,0.0,1.0,0.0,-0.999367413844,0.0,-0.035563635172,0.0503082878955,0.0,0.49907123485,0
-0.0362352033291,0.0,0.999343289385,0.0,1.0,0.0,-0.999343289385,0.0,-0.0362352033291,0.0512582760274,0.0,0.499036467877,0
-0.0369140225978,0.0,0.999318445209,0.0,1.0,0.0,-0.999318445209,0.0,-0.0369140225978,0.0522185210124,0.0,0.499000675868,0
-0.0376001016954,0.0,0.999292866157,0.0,1.0,0.0,-0.999292866157,0.0,-0.0376001016954,0.0531890351677,0.0,0.498963837371,0
-0.0382934488405,0.0,0.999266536904,0.0,1.0,0.0,-0.999266536904,0.0,-0.0382934488405,0.0541698301051,0.0,0.4989259307,0
-0.038994071755,0.0,0.99923944196,0.0,1.0,0.0,-0.99923944196,0.0,-0.038994071755,0.0551609167331,0.0,0.498886933935,0
-0.039701977665,0.0,0.99921156567,0.0,1.0,0.0,-0.99921156567,0.0,-0.039701977665,0.056162305259,0.0,0.498846824925,0
-0.0404171733021,0.0,0.999182892219,0.0,1.0,0.0,-0.999182892219,0.0,-0.0404171733021,0.0571740051904,0.0,0.498805581287,0
-0.041139664905,0.0,0.999153405625,0.0,1.0,0.0,-0.999153405625,0.0,-0.041139664905,0.0581960253375,0.0,0.498763180411,0
-0.0418694582208,0.0,0.999123089748,0.0,1.0,0.0,-0.999123089748,0.0,-0.0418694582208,0.0592283738147,0.0,0.498719599459,0
-0.0426065585063,0.0,0.999091928289,0.0,1.0,0.0,-0.999091928289,0.0,-0.0426065585063,0.0602710580428,0.0,0.498674815367,0
-0.043350970529,0.0,0.999059904788,0.0,1.0,0.0,-0.999059904788,0.0,-0.043350970529,0.0613240847504,0.0,0.498628804847,0
-0.0441026985691,0.0,0.999027002628,0.0,1.0,0.0,-0.999027002628,0.0,-0.0441026985691,0.0623874599765,0.0,0.498581544388,0
-0.0448617464203,0.0,0.998993205036,0.0,1.0,0.0,-0.998993205036,0.0,-0.0448617464203,0.0634611890718,0.0,0.498533010261,0
-0.0456281173913,0.0,0.998958495085,0.0,1.0,0.0,-0.998958495085,0.0,-0.0456281173913,0.0645452767006,0.0,0.498483178516,0
-0.0464018143074,0.0,0.998922855695,0.0,1.0,0.0,-0.998922855695,0.0,-0.0464018143074,0.0656397268433,0.0,0.498432024986,0
-0.0471828395111,0.0,0.99888626963,0.0,1.0,0.0,-0.99888626963,0.0,-0.0471828395111,0.0667445427973,0.0,0.498379525292,0
-0.0479711948643,0.0,0.998848719508,0.0,1.0,0.0,-0.998848719508,0.0,-0.0479711948643,0.0678597271799,0.0,0.49832565484,0
-0.0487668817491,0.0,0.998810187796,0.0,1.0,0.0,-0.998810187796,0.0,-0.0487668817491,0.0689852819293,0.0,0.498270388825,0
-0.049569901069,0.0,0.998770656812,0.0,1.0,0.0,-0.998770656812,0.0,-0.049569901069,0.0701212083072,0.0,0.498213702235,0
-0.0503802532509,0.0,0.998730108729,0.0,1.0,0.0,-0.998730108729,0.0,-0.0503802532509,0.0712675069001,0.0,0.498155569853,0
-0.0511979382455,0.0,0.998688525577,0.0,1.0,0.0,-0.998688525577,0.0,-0.0511979382455,0.0724241776215,0.0,0.498095966254,0
-0.0520229555296,0.0,0.998645889241,0.0,1.0,0.0,-0.998645889241,0.0,-0.0520229555296,0.0735912197136,0.0,0.498034865816,0
-0.0528553041066,0.0,0.998602181466,0.0,1.0,0.0,-0.998602181466,0.0,-0.0528553041066,0.0747686317494,0.0,0.497972242714,0
-0.0536949825082,0.0,0.998557383856,0.0,1.0,0.0,-0.998557383856,0.0,-0.0536949825082,0.0759564116344,0.0,0.497908070929,0
-0.0545419887958,0.0,0.99851147788,0.0,1.0,0.0,-0.99851147788,0.0,-0.0545419887958,0.0771545566083,0.0,0.497842324246,0
-0.0553963205615,0.0,0.998464444869,0.0,1.0,0.0,-0.998464444869,0.0,-0.0553963205615,0.0783630632473,0.0,0.497774976258,0
-0.0562579749299,0.0,0.998416266022,0.0,1.0,0.0,-0.998416266022,0.0,-0.0562579749299,0.0795819274657,0.0,0.497706000372,0
-0.0571269485589,0.0,0.998366922403,0.0,1.0,0.0,-0.998366922403,0.0,-0.0571269485589,0.0808111445178,0.0,0.497635369805,0
-0.0580032376415,0.0,0.998316394949,0.0,1.0,0.0,-0.998316394949,0.0,-0.0580032376415,0.0820507089998,0.0,0.497563057593,0
-0.0588868379066,0.0,0.998264664466,0.0,1.0,0.0,-0.998264664466,0.0,-0.0588868379066,0.0833006148517,0.0,0.497489036588,0
-0.059777744621,0.0,0.998211711636,0.0,1.0,0.0,-0.998211711636,0.0,-0.059777744621,0.0845608553592,0.0,0.497413279467,0
-0.0606759525902,0.0,0.998157517017,0.0,1.0,0.0,-0.998157517017,0.0,-0.0606759525902,0.0858314231556,0.0,0.497335758731,0
-0.0615814561598,0.0,0.998102061042,0.0,1.0,0.0,-0.998102061042,0.0,-0.0615814561598,0.0871123102236,0.0,0.497256446708,0
-0.0624942492172,0.0,0.998045324028,0.0,1.0,0.0,-0.998045324028,0.0,-0.0624942492172,0.0884035078973,0.0,0.497175315557,0
-0.0634143251925,0.0,0.997987286172,0.0,1.0,0.0,-0.997987286172,0.0,-0.0634143251925,0.0897050068639,0.0,0.497092337271,0
-0.0643416770601,0.0,0.997927927554,0.0,1.0,0.0,-0.997927927554,0.0,-0.0643416770601,0.091016797166,0.0,0.497007483681,0
-0.06527629734,0.0,0.997867228145,0.0,1.0,0.0,-0.997867228145,0.0,-0.06527629734,0.0923388682032,0.0,0.496920726457,0
-0.0662181780991,0.0,0.9978051678,0.0,1.0,0.0,-0.9978051678,0.0,-0.0662181780991,0.093671208734,0.0,0.496832037111,0
-0.0671673109527,0.0,0.99774172627,0.0,1.0,0.0,-0.99774172627,0.0,-0.0671673109527,0.0950138068778,0.0,0.496741387005,0
-0.0681236870656,0.0,0.997676883194,0.0,1.0,0.0,-0.997676883194,0.0,-0.0681236870656,0.0963666501169,0.0,0.496648747347,0
-0.0690872971538,0.0,0.997610618113,0.0,1.0,0.0,-0.997610618113,0.0,-0.0690872971538,0.0977297252985,0.0,0.496554089201,0
-0.0700581314854,0.0,0.997542910462,0.0,1.0,0.0,-0.997542910462,0.0,-0.0700581314854,0.0991030186361,0.0,0.496457383487,0
-0.0710361798826,0.0,0.997473739578,0.0,1.0,0.0,-0.997473739578,0.0,-0.0710361798826,0.100486515712,0.0,0.496358600983,0
-0.0720214317226,0.0,0.997403084702,0.0,1.0,0.0,-0.997403084702,0.0,-0.0720214317226,0.10188020148,0.0,0.496257712334,0
-0.0730138759391,0.0,0.997330924979,0.0,1.0,0.0,-0.997330924979,0.0,-0.0730138759391,0.103284060265,0.0,0.49615468805,0
-0.0740135010238,0.0,0.997257239465,0.0,1.0,0.0,-0.997257239465,0.0,-0.0740135010238,0.104698075768,0.0,0.496049498512,0
-0.0750202950277,0.0,0.997182007125,0.0,1.0,0.0,-0.997182007125,0.0,-0.0750202950277,0.106122231064,0.0,0.495942113975,0
-0.0760342455624,0.0,0.997105206837,0.0,1.0,0.0,-0.997105206837,0.0,-0.0760342455624,0.10755650861,0.0,0.495832504573,0
-0.0770553398019,0.0,0.997026817397,0.0,1.0,0.0,-0.997026817397,0.0,-0.0770553398019,0.109000890241,0.0,0.49572064032,0
-0.0780835644835,0.0,0.996946817517,0.0,1.0,0.0,-0.996946817517,0.0,-0.0780835644835,0.110455357175,0.0,0.495606491118,0
-0.0791189059097,0.0,0.996865185834,0.0,1.0,0.0,-0.996865185834,0.0,-0.0791189059097,0.111919890015,0.0,0.495490026757,0
-0.0801613499494,0.0,0.996781900906,0.0,1.0,0.0,-0.996781900906,0.0,-0.0801613499494,0.11339446875,0.0,0.49537121692,0
-0.0812108820392,0.0,0.996696941221,0.0,1.0,0.0,-0.996696941221,0.0,-0.0812108820392,0.114879072759,0.0,0.495250031186,0
-0.0822674871851,0.0,0.996610285193,0.0,1.0,0.0,-0.996610285193,0.0,-0.0822674871851,0.11637368081,0.0,0.495126439038,0
-0.083331149964,0.0,0.996521911172,0.0,1.0,0.0,-0.996521911172,0.0,-0.083331149964,0.117878271065,0.0,0.495000409862,0
-0.0844018545248,0.0,0.996431797442,0.0,1.0,0.0,-0.996431797442,0.0,-0.0844018545248,0.11939282108,0.0,0.494871912953,0
-0.0854795845903,0.0,0.996339922224,0.0,1.0,0.0,-0.996339922224,0.0,-0.0854795845903,0.120917307807,0.0,0.494740917519,0
-0.0865643234584,0.0,0.996246263684,0.0,1.0,0.0,-0.996246263684,0.0,-0.0865643234584,0.1224517076,0.0,0.494607392687,0
-0.0876560540038,0.0,0.996150799928,0.0,1.0,0.0,-0.996150799928,0.0,-0.0876560540038,0.123995996212,0.0,0.494471307504,0
-0.0887547586794,0.0,0.99605350901,0.0,1.0,0.0,-0.99605350901,0.0,-0.0887547586794,0.125550148798,0.0,0.494332630941,0
-0.0898604195177,0.0,0.995954368937,0.0,1.0,0.0,-0.995954368937,0.0,-0.0898604195177,0.127114139922,0.0,0.494191331902,0
-0.0909730181325,0.0,0.995853357665,0.0,1.0,0.0,-0.995853357665,0.0,-0.0909730181325,0.128687943553,0.0,0.494047379222,0
-0.0920925357204,0.0,0.995750453108,0.0,1.0,0.0,-0.995750453108,0.0,-0.0920925357204,0.130271533069,0.0,0.493900741676,0
-0.0932189530623,0.0,0.99564563314,0.0,1.0,0.0,-0.99564563314,0.0,-0.0932189530623,0.131864881263,0.0,0.493751387982,0
-0.0943522505251,0.0,0.995538875595,0.0,1.0,0.0,-0.995538875595,0.0,-0.0943522505251,0.13346796034,0.0,0.493599286802,0
-0.0954924080629,0.0,0.995430158274,0.0,1.0,0.0,-0.995430158274,0.0,-0.0954924080629,0.135080741922,0.0,0.493444406754,0
-0.0966394052192,0.0,0.995319458947,0.0,1.0,0.0,-0.995319458947,0.0,-0.0966394052192,0.136703197048,0.0,0.493286716407,0
-0.0977932211277,0.0,0.995206755354,0.0,1.0,0.0,-0.995206755354,0.0,-0.0977932211277,0.138335296181,0.0,0.493126184294,0
-0.0989538345147,0.0,0.995092025209,0.0,1.0,0.0,-0.995092025209,0.0,-0.0989538345147,0.139977009205,0.0,0.492962778909,0
-0.1001212237,0.0,0.994975246207,0.0,1.0,0.0,-0.994975246207,0.0,-0.1001212237,0.141628305429,0.0,0.492796468719,0
-0.1012953666,0.0,0.994856396022,0.0,1.0,0.0,-0.994856396022,0.0,-0.1012953666,0.143289153592,0.0,0.492627222163,0
-0.102476240726,0.0,0.994735452312,0.0,1.0,0.0,-0.994735452312,0.0,-0.102476240726,0.144959521861,0.0,0.492455007657,0
-0.10366382319,0.0,0.994612392725,0.0,1.0,0.0,-0.994612392725,0.0,-0.10366382319,0.146639377836,0.0,0.492279793602,0
-0.104858090704,0.0,0.994487194897,0.0,1.0,0.0,-0.994487194897,0.0,-0.104858090704,0.148328688552,0.0,0.492101548386,0
-0.106059019582,0.0,0.99435983646,0.0,1.0,0.0,-0.99435983646,0.0,-0.106059019582,0.150027420481,0.0,0.491920240388,0
-0.107266585742,0.0,0.994230295044,0.0,1.0,0.0,-0.994230295044,0.0,-0.107266585742,0.151735539536,0.0,0.491735837986,0
-0.108480764707,0.0,0.994098548278,0.0,1.0,0.0,-0.994098548278,0.0,-0.108480764707,0.153453011069,0.0,0.491548309557,0
-0.109701531608,0.0,0.993964573797,0.0,1.0,0.0,-0.993964573797,0.0,-0.109701531608,0.155179799878,0.0,0.491357623487,0
-0.110928861185,0.0,0.993828349242,0.0,1.0,0.0,-0.993828349242,0.0,-0.110928861185,0.15691587021,0.0,0.491163748171,0
-0.112162727788,0.0,0.993689852265,0.0,1.0,0.0,-0.993689852265,0.0,-0.112162727788,0.158661185759,0.0,0.49096665202,0
-0.113403105381,0.0,0.993549060535,0.0,1.0,0.0,-0.993549060535,0.0,-0.113403105381,0.16041570967,0.0,0.490766303467,0
-0.11464996754,0.0,0.993405951735,0.0,1.0,0.0,-0.993405951735,0.0,-0.11464996754,0.162179404546,0.0,0.490562670969,0
-0.115903287459,0.0,0.993260503572,0.0,1.0,0.0,-0.993260503572,0.0,-0.115903287459,0.163952232443,0.0,0.490355723015,0
-0.117163037951,0.0,0.993112693776,0.0,1.0,0.0,-0.993112693776,0.0,-0.117163037951,0.16573415488,0.0,0.490145428127,0
-0.118429191445,0.0,0.992962500104,0.0,1.0,0.0,-0.992962500104,0.0,-0.118429191445,0.167525132836,0.0,0.489931754868,0
-0.119701719996,0.0,0.992809900348,0.0,1.0,0.0,-0.992809900348,0.0,-0.119701719996,0.169325126756,0.0,0.489714671846,0
-0.12098059528,0.0,0.992654872333,0.0,1.0,0.0,-0.992654872333,0.0,-0.12098059528,0.171134096552,0.0,0.489494147719,0
-0.122265788599,0.0,0.99249739392,0.0,1.0,0.0,-0.99249739392,0.0,-0.122265788599,0.172952001606,0.0,0.489270151199,0
-0.123557270882,0.0,0.992337443016,0.0,1.0,0.0,-0.992337443016,0.0,-0.123557270882,0.174778800773,0.0,0.489042651059,0
-0.124855012688,0.0,0.992174997572,0.0,1.0,0.0,-0.992174997572,0.0,-0.124855012688,0.176614452384,0.0,0.488811616135,0
-0.126158984206,0.0,0.992010035586,0.0,1.0,0.0,-0.992010035586,0.0,-0.126158984206,0.178458914248,0.0,0.488577015333,0
-0.127469155259,0.0,0.991842535112,0.0,1.0,0.0,-0.991842535112,0.0,-0.127469155259,0.180312143654,0.0,0.488338817635,0
-0.128785495306,0.0,0.991672474257,0.0,1.0,0.0,-0.991672474257,0.0,-0.128785495306,0.182174097377,0.0,0.488096992101,0
-0.130107973441,0.0,0.991499831189,0.0,1.0,0.0,-0.991499831189,0.0,-0.130107973441,0.184044731678,0.0,0.487851507876,0
-0.131436558398,0.0,0.991324584138,0.0,1.0,0.0,-0.991324584138,0.0,-0.131436558398,0.185924002306,0.0,0.487602334194,0
-0.132771218553,0.0,0.991146711402,0.0,1.0,0.0,-0.991146711402,0.0,-0.132771218553,0.187811864504,0.0,0.487349440386,0
-0.134111921925,0.0,0.990966191349,0.0,1.0,0.0,-0.990966191349,0.0,-0.134111921925,0.189708273009,0.0,0.48709279588,0
-0.135458636177,0.0,0.99078300242,0.0,1.0,0.0,-0.99078300242,0.0,-0.135458636177,0.191613182059,0.0,0.486832370209,0
-0.13681132862,0.0,0.990597123134,0.0,1.0,0.0,-0.990597123134,0.0,-0.13681132862,0.193526545389,0.0,0.486568133016,0
-0.138169966214,0.0,0.99040853209,0.0,1.0,0.0,-0.99040853209,0.0,-0.138169966214,0.195448316243,0.0,0.486300054061,0
-0.139534515573,0.0,0.990217207972,0.0,1.0,0.0,-0.990217207972,0.0,-0.139534515573,0.197378447367,0.0,0.486028103221,0
-0.140904942961,0.0,0.990023129553,0.0,1.0,0.0,-0.990023129553,0.0,-0.140904942961,0.199316891021,0.0,0.485752250499,0
-0.142281214301,0.0,0.989826275695,0.0,1.0,0.0,-0.989826275695,0.0,-0.142281214301,0.201263598978,0.0,0.485472466027,0
-0.143663295172,0.0,0.98962662536,0.0,1.0,0.0,-0.98962662536,0.0,-0.143663295172,0.203218522526,0.0,0.485188720074,0
-0.145051150813,0.0,0.989424157603,0.0,1.0,0.0,-0.989424157603,0.0,-0.145051150813,0.205181612472,0.0,0.484900983048,0
-0.146444746129,0.0,0.989218851585,0.0,1.0,0.0,-0.989218851585,0.0,-0.146444746129,0.207152819147,0.0,0.484609225501,0
-0.147844045685,0.0,0.989010686573,0.0,1.0,0.0,-0.989010686573,0.0,-0.147844045685,0.209132092408,0.0,0.484313418138,0
-0.149249013716,0.0,0.988799641942,0.0,1.0,0.0,-0.988799641942,0.0,-0.149249013716,0.211119381639,0.0,0.484013531816,0
-0.150659614125,0.0,0.988585697181,0.0,1.0,0.0,-0.988585697181,0.0,-0.150659614125,0.21311463576,0.0,0.483709537556,0
-0.152075810487,0.0,0.988368831897,0.0,1.0,0.0,-0.988368831897,0.0,-0.152075810487,0.215117803222,0.0,0.483401406541,0
-0.153497566052,0.0,0.988149025814,0.0,1.0,0.0,-0.988149025814,0.0,-0.153497566052,0.217128832018,0.0,0.483089110126,0
-0.154924843743,0.0,0.987926258782,0.0,1.0,0.0,-0.987926258782,0.0,-0.154924843743,0.219147669681,0.0,0.482772619843,0
-0.156357606165,0.0,0.98770051078,0.0,1.0,0.0,-0.98770051078,0.0,-0.156357606165,0.221174263291,0.0,0.482451907402,0
-0.157795815603,0.0,0.987471761914,0.0,1.0,0.0,-0.987471761914,0.0,-0.157795815603,0.223208559476,0.0,0.4821269447,0
-0.159239434024,0.0,0.987239992429,0.0,1.0,0.0,-0.987239992429,0.0,-0.159239434024,0.225250504418,0.0,0.481797703825,0
-0.160688423082,0.0,0.987005182705,0.0,1.0,0.0,-0.987005182705,0.0,-0.160688423082,0.227300043851,0.0,0.48146415706,0
-0.162142744119,0.0,0.986767313266,0.0,1.0,0.0,-0.986767313266,0.0,-0.162142744119,0.229357123071,0.0,0.48112627689,0
-0.163602358169,0.0,0.986526364778,0.0,1.0,0.0,-0.986526364778,0.0,-0.163602358169,0.231421686936,0.0,0.480784036003,0
-0.165067225956,0.0,0.986282318059,0.0,1.0,0.0,-0.986282318059,0.0,-0.165067225956,0.233493679871,0.0,0.480437407301,0
-0.166537307903,0.0,0.986035154077,0.0,1.0,0.0,-0.986035154077,0.0,-0.166537307903,0.235573045868,0.0,0.480086363899,0
-0.168012564129,0.0,0.985784853959,0.0,1.0,0.0,-0.985784853959,0.0,-0.168012564129,0.237659728496,0.0,0.479730879135,0
-0.169492954456,0.0,0.985531398987,0.0,1.0,0.0,-0.985531398987,0.0,-0.169492954456,0.239753670897,0.0,0.479370926572,0
-0.170978438408,0.0,0.98527477061,0.0,1.0,0.0,-0.98527477061,0.0,-0.170978438408,0.241854815796,0.0,0.479006480002,0
-0.172468975214,0.0,0.985014950439,0.0,1.0,0.0,-0.985014950439,0.0,-0.172468975214,0.243963105503,0.0,0.478637513454,0
-0.173964523813,0.0,0.984751920259,0.0,1.0,0.0,-0.984751920259,0.0,-0.173964523813,0.246078481914,0.0,0.478264001198,0
-0.175465042856,0.0,0.984485662026,0.0,1.0,0.0,-0.984485662026,0.0,-0.175465042856,0.248200886517,0.0,0.477885917749,0
-0.176970490706,0.0,0.984216157874,0.0,1.0,0.0,-0.984216157874,0.0,-0.176970490706,0.250330260395,0.0,0.477503237871,0
-0.178480825443,0.0,0.983943390114,0.0,1.0,0.0,-0.983943390114,0.0,-0.178480825443,0.252466544233,0.0,0.477115936584,0
-0.179996004867,0.0,0.983667341245,0.0,1.0,0.0,-0.983667341245,0.0,-0.179996004867,0.254609678316,0.0,0.476723989169,0
-0.181515986501,0.0,0.98338799395,0.0,1.0,0.0,-0.98338799395,0.0,-0.181515986501,0.256759602536,0.0,0.47632737117,0
-0.183040727589,0.0,0.983105331103,0.0,1.0,0.0,-0.983105331103,0.0,-0.183040727589,0.258916256398,0.0,0.475926058402,0
-0.184570185107,0.0,0.982819335773,0.0,1.0,0.0,-0.982819335773,0.0,-0.184570185107,0.261079579021,0.0,0.475520026954,0
-0.186104315758,0.0,0.982529991225,0.0,1.0,0.0,-0.982529991225,0.0,-0.186104315758,0.263249509141,0.0,0.475109253193,0
-0.18764307598,0.0,0.982237280924,0.0,1.0,0.0,-0.982237280924,0.0,-0.18764307598,0.265425985117,0.0,0.474693713771,0
-0.189186421946,0.0,0.98194118854,0.0,1.0,0.0,-0.98194118854,0.0,-0.189186421946,0.267608944938,0.0,0.47427338563,0
-0.190734309567,0.0,0.98164169795,0.0,1.0,0.0,-0.98164169795,0.0,-0.190734309567,0.269798326218,0.0,0.473848246002,0
-0.192286694499,0.0,0.981338793241,0.0,1.0,0.0,-0.981338793241,0.0,-0.192286694499,0.271994066212,0.0,0.473418272419,0
-0.193843532138,0.0,0.981032458713,0.0,1.0,0.0,-0.981032458713,0.0,-0.193843532138,0.274196101808,0.0,0.472983442716,0
-0.195404777631,0.0,0.980722678885,0.0,1.0,0.0,-0.980722678885,0.0,-0.195404777631,0.276404369541,0.0,0.472543735035,0
-0.196970385873,0.0,0.980409438494,0.0,1.0,0.0,-0.980409438494,0.0,-0.196970385873,0.278618805591,0.0,0.472099127827,0
-0.198540311515,0.0,0.980092722503,0.0,1.0,0.0,-0.980092722503,0.0,-0.198540311515,0.280839345791,0.0,0.471649599863,0
-0.200114508962,0.0,0.979772516099,0.0,1.0,0.0,-0.979772516099,0.0,-0.200114508962,0.283065925628,0.0,0.471195130233,0
-0.201692932378,0.0,0.9794488047,0.0,1.0,0.0,-0.9794488047,0.0,-0.201692932378,0.285298480249,0.0,0.470735698353,0
-0.203275535692,0.0,0.979121573957,0.0,1.0,0.0,-0.979121573957,0.0,-0.203275535692,0.287536944465,0.0,0.470271283969,0
-0.204862272597,0.0,0.978790809758,0.0,1.0,0.0,-0.978790809758,0.0,-0.204862272597,0.289781252757,0.0,0.469801867159,0
-0.206453096553,0.0,0.978456498228,0.0,1.0,0.0,-0.978456498228,0.0,-0.206453096553,0.292031339277,0.0,0.469327428343,0
-0.208047960793,0.0,0.978118625735,0.0,1.0,0.0,-0.978118625735,0.0,-0.208047960793,0.294287137854,0.0,0.468847948281,0
-0.209646818325,0.0,0.977777178894,0.0,1.0,0.0,-0.977777178894,0.0,-0.209646818325,0.296548581998,0.0,0.468363408082,0
-0.211249621933,0.0,0.977432144567,0.0,1.0,0.0,-0.977432144567,0.0,-0.211249621933,0.298815604906,0.0,0.467873789205,0
-0.212856324184,0.0,0.977083509867,0.0,1.0,0.0,-0.977083509867,0.0,-0.212856324184,0.301088139465,0.0,0.467379073468,0
-0.214466877428,0.0,0.976731262163,0.0,1.0,0.0,-0.976731262163,0.0,-0.214466877428,0.303366118257,0.0,0.466879243045,0
-0.216081233801,0.0,0.976375389079,0.0,1.0,0.0,-0.976375389079,0.0,-0.216081233801,0.305649473561,0.0,0.466374280477,0
-0.217699345232,0.0,0.976015878501,0.0,1.0,0.0,-0.976015878501,0.0,-0.217699345232,0.307938137363,0.0,0.465864168672,0
-0.219321163441,0.0,0.975652718577,0.0,1.0,0.0,-0.975652718577,0.0,-0.219321163441,0.310232041355,0.0,0.46534889091,0
-0.220946639947,0.0,0.975285897722,0.0,1.0,0.0,-0.975285897722,0.0,-0.220946639947,0.312531116942,0.0,0.46482843085,0
-0.222575726067,0.0,0.97491540462,0.0,1.0,0.0,-0.97491540462,0.0,-0.222575726067,0.314835295247,0.0,0.464302772529,0
-0.224208372923,0.0,0.974541228226,0.0,1.0,0.0,-0.974541228226,0.0,-0.224208372923,0.317144507116,0.0,0.463771900369,0
-0.225844531442,0.0,0.974163357768,0.0,1.0,0.0,-0.974163357768,0.0,-0.225844531442,0.31945868312,0.0,0.46323579918,0
-0.227484152364,0.0,0.973781782754,0.0,1.0,0.0,-0.973781782754,0.0,-0.227484152364,0.321777753562,0.0,0.462694454167,0
-0.229127186238,0.0,0.97339649297,0.0,1.0,0.0,-0.97339649297,0.0,-0.229127186238,0.324101648481,0.0,0.462147850927,0
-0.230773583433,0.0,0.973007478486,0.0,1.0,0.0,-0.973007478486,0.0,-0.230773583433,0.326430297658,0.0,0.461595975459,0
-0.232423294137,0.0,0.972614729655,0.0,1.0,0.0,-0.972614729655,0.0,-0.232423294137,0.328763630618,0.0,0.461038814167,0
-0.23407626836,0.0,0.972218237121,0.0,1.0,0.0,-0.972218237121,0.0,-0.23407626836,0.331101576637,0.0,0.460476353861,0
-0.235732455941,0.0,0.971817991815,0.0,1.0,0.0,-0.971817991815,0.0,-0.235732455941,0.333444064746,0.0,0.459908581761,0
-0.237391806547,0.0,0.971413984964,0.0,1.0,0.0,-0.971413984964,0.0,-0.237391806547,0.335791023736,0.0,0.459335485504,0
-0.23905426968,0.0,0.971006208089,0.0,1.0,0.0,-0.971006208089,0.0,-0.23905426968,0.338142382164,0.0,0.458757053142,0
-0.240719794679,0.0,0.970594653009,0.0,1.0,0.0,-0.970594653009,0.0,-0.240719794679,0.340498068354,0.0,0.458173273153,0
-0.242388330722,0.0,0.970179311844,0.0,1.0,0.0,-0.970179311844,0.0,-0.242388330722,0.342858010407,0.0,0.457584134437,0
-0.244059826832,0.0,0.969760177016,0.0,1.0,0.0,-0.969760177016,0.0,-0.244059826832,0.345222136203,0.0,0.456989626323,0
-0.24573423188,0.0,0.969337241254,0.0,1.0,0.0,-0.969337241254,0.0,-0.24573423188,0.347590373406,0.0,0.456389738574,0
-0.247411494586,0.0,0.968910497593,0.0,1.0,0.0,-0.968910497593,0.0,-0.247411494586,0.349962649469,0.0,0.455784461386,0
-0.249091563527,0.0,0.968479939379,0.0,1.0,0.0,-0.968479939379,0.0,-0.249091563527,0.352338891641,0.0,0.455173785394,0
-0.250774387135,0.0,0.968045560269,0.0,1.0,0.0,-0.968045560269,0.0,-0.250774387135,0.354719026968,0.0,0.454557701676,0
-0.252459913707,0.0,0.967607354236,0.0,1.0,0.0,-0.967607354236,0.0,-0.252459913707,0.357102982302,0.0,0.453936201754,0
-0.254148091401,0.0,0.967165315568,0.0,1.0,0.0,-0.967165315568,0.0,-0.254148091401,0.359490684303,0.0,0.453309277598,0
-0.255838868247,0.0,0.966719438873,0.0,1.0,0.0,-0.966719438873,0.0,-0.255838868247,0.361882059449,0.0,0.45267692163,0
-0.257532192145,0.0,0.966269719079,0.0,1.0,0.0,-0.966269719079,0.0,-0.257532192145,0.364277034032,0.0,0.452039126726,0
-0.259228010873,0.0,0.965816151438,0.0,1.0,0.0,-0.965816151438,0.0,-0.259228010873,0.366675534174,0.0,0.451395886216,0
-0.260926272086,0.0,0.965358731527,0.0,1.0,0.0,-0.965358731527,0.0,-0.260926272086,0.369077485823,0.0,0.450747193895,0
-0.262626923324,0.0,0.964897455249,0.0,1.0,0.0,-0.964897455249,0.0,-0.262626923324,0.371482814763,0.0,0.450093044017,0
-0.264329912012,0.0,0.964432318836,0.0,1.0,0.0,-0.964432318836,0.0,-0.264329912012,0.373891446619,0.0,0.449433431302,0
-0.266035185466,0.0,0.963963318853,0.0,1.0,0.0,-0.963963318853,0.0,-0.266035185466,0.376303306859,0.0,0.448768350941,0
-0.267742690898,0.0,0.963490452195,0.0,1.0,0.0,-0.963490452195,0.0,-0.267742690898,0.378718320805,0.0,0.448097798592,0
-0.269452375414,0.0,0.963013716093,0.0,1.0,0.0,-0.963013716093,0.0,-0.269452375414,0.38113641363,0.0,0.447421770388,0
